1.00036503905
-0.00136267873128
0.000498072731696
0.999532306637
-0.00102899898131
0.000697258787282
0.999166206527
-0.00086224374955
0.000821704618113
0.99893056102
-0.000751109512955
0.000912185798721
0.998756713606
-0.000667778989133
0.000983262718255
0.998618962708
-0.000601127500119
0.00104178618079
0.998504889881
-0.000545593597862
0.00109152356541
0.998407547358
-0.000497999743469
0.00113476775623
0.998322655037
-0.000456360210601
0.00117301777023
0.998247389366
-0.000419351321403
0.00120730730285
0.998179789635
-0.00038604658959
0.00123837925147
0.998118438855
-0.000355772265425
0.00126678543429
0.998062279703
-0.000328023076904
0.00129294694176
0.998010502285
-0.000302410381938
0.00131719240529
0.997962472511
-0.00027862883986
0.00133978321802
0.997917684643
-0.000256434193828
0.00136093070534
0.997875728843
-0.000235627997131
0.00138080814349
0.997836268368
-0.000216046832362
0.00139955937613
0.99779902316
-0.000197554525679
0.00141730512263
0.997763757801
-0.000180036410224
0.00143414768224
0.997730272506
-0.000163395023904
0.00145017450004
0.997698396272
-0.000147546831649
0.00146546090978
0.997667981609
-0.000132419692726
0.00148007227165
0.997638900414
-0.000117950878723
0.0014940656583
0.997611040718
-0.00010408550451
0.00150749119905
0.997584304084
-9.07752730588e-05
0.00152039316222
0.997558603513
-7.79774616797e-05
0.00153281083441
0.997533861737
-6.56540960251e-05
0.00154477924099
0.997510009819
-5.37712716118e-05
0.00155632974076
0.997486986001
-4.22985923443e-05
0.00156749052044
0.997464734734
-3.12087026302e-05
0.00157828700852
0.997443205879
-2.04768949716e-05
0.00158874222375
0.997422354022
-1.00807788876e-05
0.00159887707024
0.997402137904
